00100000 00000001 00000000 01000000
00100100 00000010 00000000 00001000
00110000 00000011 00000000 00011111
00110100 00000100 00000000 00000100
00111000 00000101 00000000 00000110
00101001 00100110 00000000 00000111
00101100 10100111 00000000 00000100
00000000 00000110 00110000 10111111
00010000 11000100 11111111 11111110
00000000 11100101 00111000 00100000
00000000 11100101 00111000 00100001
00000000 11100101 00111000 00100010
00000000 11100101 00111000 00100011
00000000 10000101 01000000 00100100
00000000 10000101 01001000 00100101
00000000 10000101 01010000 00100110
00000000 10000101 01011000 00100111
00000000 00000001 00001000 01000010
00010100 00100110 11111111 11111110
00001100 00000000 00000000 00011000
00000000 10000101 01101000 00101010
00000000 10100100 01110000 00101011
00000001 10101110 01111000 00100000
00001000 00000000 00000000 00011011
10101100 01000001 00000000 00000100
10001100 01001100 00000000 00000100
00000011 11100000 00000000 00001000
00000001 10101110 10000000 00100000

